offset_1: 0.9999999999999999
offset_2: 0.8999999999999999
offset_3: 0.7999999999999999
